=== DATASET OVERVIEW ===
File: sample_003.csv
Rows: 20000
Columns: 12

=== COLUMN NAMES ===
- dstip
- srcip
- time
- bytes
- dstport
- asdu_address
- srcport
- asdu_cot
- asdu_items
- asdu_type
- frame_fmt
- pkt_length

=== DATA TYPES ===
dstip: int64
srcip: int64
time: int64
bytes: int64
dstport: int64
asdu_address: int64
srcport: int64
asdu_cot: int64
asdu_items: int64
asdu_type: int64
frame_fmt: int64
pkt_length: int64

=== MISSING VALUES ===
dstip: 0
srcip: 0
time: 0
bytes: 0
dstport: 0
asdu_address: 0
srcport: 0
asdu_cot: 0
asdu_items: 0
asdu_type: 0
frame_fmt: 0
pkt_length: 0

=== UNIQUE VALUE COUNTS ===
dstip: 891
srcip: 864
time: 5565
bytes: 73
dstport: 681
asdu_address: 282
srcport: 693
asdu_cot: 6
asdu_items: 16
asdu_type: 13
frame_fmt: 3
pkt_length: 40

=== NUMERIC SUMMARY ===
                count          mean           std           min           25%           50%           75%           max
dstip         20000.0  1.072344e+02    180.204077  1.000000e+00  1.000000e+00  1.000000e+01  1.430000e+02  9.520000e+02
srcip         20000.0  1.931656e+02    174.618892  1.000000e+00  5.700000e+01  1.550000e+02  2.900000e+02  9.540000e+02
time          20000.0  1.654646e+12   3096.283210  1.654646e+12  1.654646e+12  1.654646e+12  1.654646e+12  1.654646e+12
bytes         20000.0  7.242850e+01     31.429114  4.000000e+01  6.700000e+01  6.700000e+01  7.900000e+01  1.210000e+03
dstport       20000.0  3.845909e+04  18653.039418  1.024000e+03  3.481000e+04  4.358200e+04  5.117200e+04  6.098600e+04
asdu_address  20000.0  3.364502e+02   2729.579629  0.000000e+00  1.200000e+01  5.000000e+01  2.160000e+02  6.553500e+04
srcport       20000.0  1.021969e+04  17264.706116  1.024000e+03  2.404000e+03  2.404000e+03  2.404000e+03  6.390400e+04
asdu_cot      20000.0  2.450450e+00      1.203959  0.000000e+00  3.000000e+00  3.000000e+00  3.000000e+00  2.000000e+01
asdu_items    20000.0  8.689500e-01      0.753661  0.000000e+00  1.000000e+00  1.000000e+00  1.000000e+00  1.600000e+01
asdu_type     20000.0  2.857320e+01     14.859690  0.000000e+00  3.600000e+01  3.600000e+01  3.600000e+01  1.030000e+02
frame_fmt     20000.0  2.009500e-01      0.435176  0.000000e+00  0.000000e+00  0.000000e+00  0.000000e+00  2.000000e+00
pkt_length    20000.0  2.144065e+01     11.831356  4.000000e+00  2.500000e+01  2.500000e+01  2.500000e+01  2.500000e+02

=== TIME COLUMN ANALYSIS ===
Minimum time: 1654646400041
Maximum time: 1654646413026
Number of unique time values: 5565
First 10 time values:
- 1654646400041
- 1654646400081
- 1654646400081
- 1654646400083
- 1654646400083
- 1654646400083
- 1654646400084
- 1654646400084
- 1654646400086
- 1654646400086

Time difference summary (sorted time):
count    19999.000000
mean         0.649282
std          6.190819
min          0.000000
25%          0.000000
50%          0.000000
75%          1.000000
max        412.000000

=== TOP VALUE COUNTS ===
--- srcip ---
srcip
1      1317
10      613
18      563
8       412
57      221
151     209
183     209
129     194
161     179
58      175
125     175
138     174
130     170
180     169
7       168

--- dstip ---
dstip
1      6136
10     2832
18     2783
8      1303
6       100
463      91
97       90
413      90
324      85
402      83
291      77
327      77
358      75
392      67
271      64

--- srcport ---
srcport
2404     16389
2405        36
41882       31
58878       27
50606       26
53778       26
57592       26
34440       25
45652       25
45956       24
1024        24
53124       23
36410       22
54648       22
33040       21

--- dstport ---
dstport
2404     3620
34440     221
41882     209
45652     209
33040     194
45956     179
53124     175
36478     175
54648     174
51574     170
40288     169
50606     168
47192     168
53778     160
43582     153

--- asdu_address ---
asdu_address
0      3763
13      827
1       597
11      523
12      486
68      481
216     480
27      456
82      455
43      445
19      432
69      418
121     395
120     374
118     370

--- asdu_cot ---
asdu_cot
3     16219
0      3731
7        25
6        19
1         3
20        3

--- asdu_items ---
asdu_items
1     15961
0      3731
2       130
3        57
5        24
4        19
10       15
11       14
12       12
9        11
7         9
6         8
16        6
8         1
14        1

--- asdu_type ---
asdu_type
36     15374
0       3731
13       463
11       224
7         59
103       54
34        28
50        26
30        23
35        13
33         3
37         1
9          1

--- frame_fmt ---
frame_fmt
0    16269
1     3443
2      288

--- pkt_length ---
pkt_length
25     15179
4       3731
18       386
16       231
14        76
40        75
26        44
23        37
34        24
85        23
55        21
21        18
20        18
160       15
24        12

--- bytes ---
bytes
67     8684
79     4775
46     2147
58     1741
94      647
106     496
60      265
121     184
133     142
72      112
68      104
175      77
148      62
88       54
82       45

=== TOP COMMUNICATION PAIRS ===
 srcip  dstip  count
    57      1    221
   151      1    209
   183      1    209
   129      1    194
   161      8    179
   125      1    175
    58     18    175
   138     10    174
   130      1    170
   180     10    169
     7      8    168
   204      1    168
     9     10    160
    98     10    153
   195      1    151
   155     18    151
    36      1    147
   336      1    144
   150     18    143
   226      1    142

=== TOP FLOWS (srcip, dstip, dstport) ===
 srcip  dstip  dstport  count
    57      1    34440    221
   151      1    41882    209
   183      1    45652    209
   129      1    33040    194
   161      8    45956    179
   125      1    36478    175
    58     18    53124    175
   138     10    54648    174
   130      1    51574    170
   180     10    40288    169
     7      8    50606    168
   204      1    47192    168
     9     10    53778    160
    98     10    43582    153
   195      1    50216    151
   155     18    40262    151
    36      1    44086    147
   336      1    46686    144
   150     18    58878    143
   226      1    57928    142
